MATRIZ A 
18 63 55 22 31 86 45 50 81 11 61 57 58 60 8 40 75 7 44 7 69 68 94 16 96 88 67 42 51 13 67 90 8 77 78 32 81 65 18 55 60 25 42 4 21 4 23 35 95 88 48 24 72 8 23 10 60 15 6 47 
90 20 50 49 67 23 62 48 89 82 24 1 31 86 88 68 37 96 95 36 39 81 7 41 90 13 19 99 35 39 23 54 0 51 99 10 99 45 73 6 13 29 38 34 70 49 84 57 9 80 99 99 85 8 82 25 87 79 87 3 
38 2 59 7 23 28 33 25 76 81 1 6 14 17 51 11 24 13 77 55 64 27 16 68 39 3 9 80 0 28 70 93 57 82 31 38 73 44 71 34 67 50 99 51 27 3 71 96 55 14 19 85 70 34 98 51 58 41 83 9 
76 12 60 79 90 5 49 55 24 61 62 40 18 77 78 69 2 57 94 30 81 46 30 2 95 81 33 29 6 57 97 94 60 14 87 90 85 3 42 26 73 98 32 10 86 75 46 82 73 64 46 33 47 50 45 31 35 77 57 58 
7 26 54 63 10 92 85 91 65 75 70 33 36 77 98 89 20 62 29 6 56 47 27 79 31 6 12 63 51 47 27 59 4 77 99 72 85 1 61 56 86 50 55 52 5 59 87 35 44 77 52 2 73 54 36 32 78 74 48 39 
77 42 21 8 94 60 88 89 18 0 58 30 67 69 82 24 63 27 96 1 26 93 75 79 30 1 64 77 87 2 11 32 93 10 47 36 72 39 64 97 51 34 33 51 14 41 80 99 85 67 72 58 85 95 68 95 95 87 97 49 
91 36 68 50 48 86 25 16 93 11 8 33 91 33 58 99 29 26 26 51 97 46 85 36 78 45 57 42 51 41 62 63 80 89 21 33 82 93 94 51 81 63 78 92 33 91 26 38 0 18 21 92 83 27 20 6 78 44 75 38 
22 55 88 11 73 61 33 2 44 50 12 69 26 99 2 13 19 77 62 47 70 34 67 23 69 79 83 24 14 15 13 93 97 92 11 98 53 36 72 35 85 27 66 30 79 2 73 77 18 85 62 14 20 39 61 87 92 19 70 43 
98 93 93 46 41 44 68 22 60 33 87 72 39 89 45 58 78 68 74 86 50 22 92 59 57 78 65 75 46 65 50 40 78 4 26 20 25 99 91 74 3 97 6 24 42 49 16 24 49 99 23 56 67 69 66 59 47 89 34 59 
6 20 49 69 25 29 92 0 94 18 13 82 38 66 37 0 85 18 17 36 59 94 4 63 15 62 63 41 20 26 85 52 51 57 61 62 11 77 54 69 74 98 80 90 50 9 47 6 36 66 60 75 40 43 44 63 49 7 4 34 
66 90 9 11 63 48 61 52 27 95 60 94 72 43 51 84 24 35 75 84 80 18 59 95 66 9 2 40 57 55 12 30 66 74 17 83 42 91 72 39 30 69 4 10 96 22 57 48 22 20 33 41 58 29 71 25 70 85 7 40 
14 63 18 51 86 84 27 96 10 20 98 83 91 47 16 53 53 58 31 16 32 38 78 97 63 22 14 34 25 7 72 28 80 49 47 82 70 44 58 89 11 87 68 87 55 40 59 5 7 55 24 38 9 95 76 41 48 16 2 63 
50 90 75 52 54 89 45 24 62 22 9 29 44 26 53 8 48 64 98 6 24 82 27 77 30 31 67 49 9 61 21 17 20 45 50 22 51 48 15 71 81 37 66 63 65 90 46 60 41 37 57 18 64 91 96 77 21 77 4 68 
16 60 18 34 25 3 31 96 92 79 6 17 74 68 86 0 98 21 32 81 27 44 10 58 84 90 98 18 53 55 26 97 19 46 26 13 63 16 54 75 16 80 76 92 89 24 7 45 93 82 70 77 8 59 19 4 4 55 88 14 
50 45 64 88 33 81 21 89 3 96 34 14 89 23 72 55 31 32 95 5 42 84 96 97 73 78 45 50 66 64 66 61 24 93 14 51 89 24 60 41 66 93 64 51 72 68 87 87 76 34 84 3 21 11 1 67 24 84 59 70 
50 69 73 52 41 43 24 51 27 30 19 0 13 36 71 3 50 63 33 28 58 52 70 31 69 30 15 37 19 1 32 64 81 61 0 93 13 93 52 85 90 14 1 35 77 11 97 48 59 97 51 70 39 51 87 65 55 36 83 29 
63 73 20 92 35 91 84 54 24 15 94 45 63 10 56 10 84 33 9 88 18 82 92 78 42 83 77 41 10 39 96 39 85 37 1 39 56 74 10 68 97 92 80 66 38 62 7 14 29 39 28 1 5 36 31 20 56 6 46 83 
82 18 50 82 88 61 4 5 42 25 46 6 9 95 90 92 76 62 48 6 69 57 82 35 5 51 9 10 22 75 35 37 82 38 47 19 15 94 91 75 94 4 35 23 71 74 69 18 62 34 56 78 86 21 6 78 26 57 48 24 
82 29 62 55 7 86 99 87 92 15 9 52 27 1 89 98 28 74 79 66 24 54 72 13 53 64 73 2 25 27 33 89 4 3 97 74 26 49 73 15 42 41 99 15 98 94 19 44 51 11 69 74 17 49 89 16 48 98 52 76 
59 34 58 5 78 10 5 98 59 64 65 31 42 65 94 50 17 35 15 85 13 45 31 45 92 90 94 22 2 84 82 53 70 26 84 84 10 68 25 83 74 26 46 58 89 48 28 22 93 40 12 27 6 16 60 1 73 8 28 20 
60 40 74 90 15 49 7 1 24 49 17 24 81 13 50 31 6 2 90 51 27 84 78 4 55 91 7 66 51 3 69 63 62 59 62 58 64 28 81 48 38 13 59 39 15 64 80 12 97 96 35 1 1 45 14 75 85 3 71 8 
36 72 52 11 60 61 18 98 96 58 89 67 73 71 16 31 4 73 92 58 96 4 86 37 98 45 80 65 87 98 20 8 37 85 17 37 67 83 96 36 68 37 98 54 91 88 38 40 29 60 73 64 91 98 21 85 20 42 24 3 
5 84 40 22 54 69 80 71 85 10 57 52 69 48 47 65 95 48 78 58 53 63 64 8 8 12 65 47 11 32 98 63 99 82 35 9 71 26 10 41 5 88 18 9 34 92 38 79 71 14 5 99 51 15 11 85 11 91 13 15 
41 32 66 69 24 96 11 57 72 76 82 4 39 26 95 51 0 20 47 9 76 5 5 54 40 65 96 67 17 91 87 53 78 58 66 50 77 86 70 11 23 84 99 58 49 33 43 79 64 48 9 30 5 20 57 90 13 3 30 84 
62 71 57 79 93 8 29 93 7 15 49 48 32 30 16 98 33 87 73 67 46 72 66 63 31 41 35 99 44 87 96 42 7 23 49 50 19 23 40 63 16 56 46 24 36 3 48 14 79 88 33 28 14 41 90 78 61 10 41 49 
49 10 2 54 67 14 33 56 45 54 6 94 18 78 43 36 84 42 28 71 43 47 31 28 4 64 14 81 15 91 91 54 30 17 97 5 78 69 7 38 31 74 61 29 19 90 51 41 94 92 51 84 2 90 54 26 32 30 60 74 
31 94 13 68 46 3 63 78 44 31 50 83 10 27 24 2 22 41 85 95 27 81 89 59 80 31 0 12 31 81 97 14 32 7 21 53 4 90 45 26 93 8 75 56 65 65 24 86 38 78 47 60 17 96 53 41 83 43 74 68 
40 6 16 74 37 66 36 87 78 68 57 33 63 54 80 29 59 85 79 81 64 52 27 5 26 40 87 79 53 40 59 54 8 45 51 7 26 67 2 10 98 15 27 40 79 14 1 56 60 48 31 78 18 63 21 0 80 10 61 41 
35 78 76 50 39 51 58 33 78 49 74 23 69 15 88 23 63 63 40 27 16 54 11 2 88 93 53 69 2 4 92 17 33 47 98 8 57 88 54 10 94 57 72 21 63 68 5 63 69 15 38 81 38 16 64 87 82 5 23 80 
3 45 37 98 24 26 41 61 81 76 57 3 60 98 86 73 31 50 84 27 66 74 14 91 65 93 35 18 9 83 46 37 80 46 41 76 79 71 37 93 81 81 86 65 67 95 57 91 24 5 67 29 83 44 14 28 79 16 61 65 
34 42 44 33 27 90 24 93 71 80 30 85 70 78 87 59 55 64 92 25 40 66 35 75 52 96 16 95 34 69 69 94 35 28 60 98 69 20 27 14 4 65 43 59 34 55 9 79 13 23 13 30 38 38 98 97 67 75 23 45 
66 64 2 72 56 93 70 52 77 26 47 30 39 30 91 76 75 86 88 97 58 14 17 89 60 23 91 27 11 49 32 64 17 89 13 2 81 4 86 98 60 59 26 38 43 44 64 86 63 92 67 51 63 51 0 48 22 17 45 42 
47 15 99 45 82 42 84 49 1 48 2 66 8 30 43 94 11 53 68 24 88 51 11 71 5 18 21 37 72 87 91 9 48 16 13 66 10 26 21 38 22 87 45 76 43 36 50 93 59 66 54 79 53 90 55 1 41 72 64 7 
65 98 92 17 4 29 67 27 65 46 50 50 40 30 24 68 33 60 61 82 12 76 19 3 73 57 53 19 83 3 40 52 42 3 41 69 96 36 1 4 44 54 21 44 23 67 22 41 83 68 82 81 87 98 60 19 15 55 47 97 
50 90 84 89 27 96 50 92 95 31 96 13 28 52 19 1 67 93 22 23 95 63 50 36 49 5 21 61 38 28 67 30 21 90 10 50 37 4 73 85 11 24 61 86 2 61 96 8 67 66 16 88 81 93 36 33 20 83 94 85 
36 18 89 2 29 91 36 3 23 76 26 58 18 32 63 61 15 83 58 65 58 85 87 17 36 73 7 13 25 90 14 39 30 37 12 81 11 18 59 13 80 62 18 65 72 83 6 19 49 81 63 36 33 26 93 91 26 13 28 92 
37 90 50 84 70 65 32 60 8 9 30 27 54 5 75 39 26 8 43 80 62 98 98 11 49 60 20 88 84 13 95 25 33 50 30 41 79 38 55 36 21 88 39 72 73 88 89 90 50 51 26 24 36 83 15 48 19 82 64 34 
91 58 87 54 93 70 50 77 61 82 31 69 18 9 57 23 18 32 83 47 44 0 65 37 90 59 1 24 32 5 81 94 62 8 66 78 26 61 60 73 17 25 14 41 83 40 26 67 62 38 83 42 99 4 53 62 15 92 37 27 
31 88 3 99 30 97 10 79 47 20 66 23 70 62 1 79 57 42 74 81 35 23 22 6 90 73 61 89 16 91 93 53 42 15 41 74 79 73 3 74 6 2 96 51 47 81 18 43 34 29 58 4 4 90 9 54 64 87 52 24 
85 92 43 68 97 6 5 45 92 69 4 69 84 80 99 40 61 40 20 35 57 26 55 72 63 2 69 88 32 41 73 15 67 92 15 9 72 87 11 27 5 94 53 79 4 68 6 64 91 65 39 31 14 91 82 51 48 13 33 90 
17 18 41 1 43 91 44 46 45 35 56 15 37 9 73 11 9 66 64 35 37 95 52 40 31 78 14 47 26 77 7 42 70 18 79 98 35 50 39 38 17 61 61 39 16 40 57 43 47 14 19 95 10 94 87 23 52 92 44 6 
49 39 84 86 95 10 16 73 2 27 4 97 86 74 74 46 30 81 19 98 71 33 17 66 78 12 48 42 4 21 1 53 5 51 6 92 62 69 36 51 34 0 77 21 63 11 63 53 55 45 5 42 19 99 0 73 17 68 67 80 
85 0 60 20 9 80 7 86 35 85 87 69 83 51 31 86 28 68 91 56 59 66 11 45 89 33 41 85 44 27 72 96 51 41 57 42 37 35 13 95 14 83 83 32 57 7 25 82 71 19 24 97 74 62 16 95 91 38 99 6 
82 89 20 87 46 72 72 84 54 38 56 2 12 74 63 71 97 8 32 8 54 53 3 76 35 28 48 43 75 75 1 87 59 67 42 73 9 26 67 69 18 99 32 31 12 97 57 64 83 59 59 74 11 32 56 85 4 92 79 96 
86 8 82 59 56 91 2 88 71 96 26 1 18 23 73 92 16 2 77 64 31 52 77 51 13 75 80 26 26 51 20 10 48 35 29 10 58 97 3 36 47 59 92 82 86 69 81 43 47 6 81 88 31 79 86 54 80 18 3 43 
38 48 48 1 73 24 76 97 2 93 97 79 65 53 1 9 65 64 0 12 25 31 5 9 10 0 2 88 28 87 42 74 54 72 55 32 25 83 97 89 99 66 21 73 47 84 10 48 0 23 9 88 24 16 68 80 47 73 52 23 
12 93 69 90 14 76 74 57 88 71 82 76 49 51 0 4 33 86 91 71 43 28 64 19 62 9 45 26 87 47 55 0 53 42 15 49 13 79 18 30 92 28 29 31 36 56 86 32 46 83 40 72 65 83 2 67 9 84 54 7 
98 35 71 75 42 32 46 88 60 46 41 10 13 41 14 10 64 49 13 58 87 90 98 97 54 74 13 50 82 46 44 62 2 49 40 22 1 66 44 10 11 50 72 3 95 52 6 49 29 75 57 50 62 9 31 9 8 20 11 88 
73 98 58 39 49 57 63 16 75 84 50 54 56 91 97 78 71 53 76 69 10 84 38 4 30 24 38 43 4 14 66 76 20 71 26 74 70 15 62 74 11 25 29 96 55 87 54 62 46 23 77 13 7 56 99 14 33 64 60 99 
70 40 3 51 40 77 71 18 19 99 9 86 58 8 11 86 46 10 81 2 87 92 23 40 88 17 57 91 6 86 59 2 2 7 77 10 93 26 16 63 62 54 84 39 97 59 1 13 30 91 82 76 7 44 25 80 39 58 83 65 
26 88 42 83 74 31 28 36 14 11 91 78 77 6 38 45 52 96 87 66 57 22 9 25 94 14 79 68 32 20 1 87 51 47 14 4 15 61 41 51 74 73 61 13 71 64 51 26 38 44 91 27 32 34 26 61 2 5 32 57 
4 77 28 9 81 22 54 31 42 12 51 21 12 69 97 49 51 56 85 97 70 92 21 63 41 83 1 3 83 58 3 33 89 86 6 94 55 53 13 91 44 52 83 11 79 98 33 89 24 49 62 58 33 45 33 6 15 75 65 16 
7 31 49 15 47 55 12 79 29 96 65 40 12 30 53 26 16 5 29 42 40 89 14 2 97 6 1 46 65 95 78 35 30 63 64 91 54 9 53 12 61 68 21 28 94 9 96 70 88 41 38 9 16 60 81 75 96 57 9 8 
12 79 66 38 82 7 63 64 38 53 2 14 24 67 60 93 46 32 74 19 1 81 47 47 74 5 85 26 42 46 22 26 64 84 28 50 83 97 81 16 1 84 45 47 56 94 85 50 31 91 39 93 25 52 40 14 47 32 12 36 
25 99 4 12 37 47 46 50 36 30 75 21 46 19 33 79 38 21 33 30 90 50 22 59 6 86 37 8 13 46 35 9 60 68 68 67 31 46 69 16 99 62 63 24 50 79 0 62 22 6 32 53 43 70 10 92 41 98 29 37 
45 68 56 58 61 21 41 61 27 1 70 98 52 72 24 12 25 19 10 59 93 21 60 71 14 28 69 51 27 54 32 25 98 38 73 36 35 4 40 86 3 42 92 98 69 75 23 59 96 87 51 91 81 85 75 79 37 4 18 54 
59 89 34 9 1 4 71 43 43 25 0 50 29 20 60 35 7 7 24 76 64 31 79 40 55 94 74 98 50 51 96 82 63 97 57 18 57 61 27 59 22 43 1 52 59 14 94 10 90 50 84 25 21 78 91 83 95 62 19 0 
21 37 66 78 7 8 48 85 71 69 5 79 83 0 59 33 70 1 19 97 59 22 90 80 75 79 58 84 0 45 89 93 1 49 77 3 4 47 37 60 32 97 50 33 19 15 60 68 6 34 16 71 67 66 49 69 18 24 1 23 
91 80 98 66 70 87 42 58 80 65 3 15 54 94 1 27 56 96 60 11 67 69 61 70 5 75 70 86 33 83 1 31 22 16 94 65 29 22 19 36 27 36 5 78 58 29 24 69 91 81 64 98 37 36 16 32 87 46 47 87 
38 66 80 13 25 9 97 35 32 43 96 44 0 80 19 54 83 24 11 87 84 78 59 68 37 92 90 22 83 91 70 63 69 21 78 69 8 96 12 11 79 36 95 64 12 32 52 40 84 6 73 76 74 0 40 88 70 45 34 96 
MATRIZ B 
63 76 89 24 40 40 97 97 26 8 88 32 53 36 12 78 3 82 29 75 45 66 18 28 27 58 46 25 2 11 53 94 49 4 36 99 0 27 81 67 44 27 19 93 18 88 46 84 12 25 72 81 42 43 64 36 87 2 20 79 
51 65 55 45 90 67 47 87 8 65 44 84 16 89 85 30 88 39 97 14 59 54 29 48 75 14 66 50 37 23 59 12 2 95 39 39 91 58 86 15 72 32 80 73 73 45 55 84 60 8 42 50 44 10 15 95 55 77 13 57 
4 23 11 68 39 75 80 19 34 11 7 88 38 53 20 90 65 35 72 52 84 97 53 92 50 40 62 75 97 51 39 46 58 34 89 47 66 89 65 10 37 76 30 99 31 49 96 28 30 38 52 93 81 41 68 65 53 57 44 63 
12 99 60 67 45 10 42 20 41 74 65 20 33 54 38 6 33 63 36 84 88 30 53 6 16 57 73 51 6 36 26 99 51 6 97 20 89 67 57 89 7 6 27 38 67 83 69 58 49 12 6 83 88 90 76 19 30 67 87 43 
85 5 61 79 79 8 77 85 41 62 6 57 11 94 35 57 16 26 25 39 50 94 38 92 54 53 40 1 92 1 36 99 73 33 35 7 71 64 80 45 63 51 13 6 99 84 70 92 65 95 50 90 4 87 63 23 82 33 26 5 
50 16 29 65 86 99 62 13 95 55 84 36 4 67 60 11 66 84 88 42 61 14 34 46 80 88 83 83 98 69 27 74 59 41 11 73 29 99 19 94 50 15 63 20 53 25 73 26 9 32 55 96 97 1 93 19 81 29 38 11 
43 24 87 53 69 20 96 10 63 62 58 4 20 88 34 2 87 98 28 74 89 74 62 31 99 86 78 1 75 61 93 91 41 7 93 19 80 20 82 24 48 91 5 29 33 95 6 59 28 21 3 55 38 30 30 1 69 57 36 8 
29 0 93 40 29 46 6 68 81 16 57 90 14 53 38 24 68 7 88 87 61 3 88 63 74 81 0 9 75 17 28 33 22 11 92 81 84 72 59 94 66 68 3 33 45 92 95 22 70 81 84 67 50 93 74 99 66 58 1 49 
45 24 71 63 32 55 58 88 61 73 72 79 44 9 33 44 51 23 66 67 82 18 96 4 92 96 2 56 17 44 75 80 60 53 42 29 95 69 58 1 52 68 25 5 41 92 89 94 80 27 20 0 56 58 43 69 9 54 13 76 
8 22 44 50 20 0 38 59 69 12 29 60 71 72 25 43 20 86 39 94 66 52 94 50 81 28 96 1 7 57 78 70 22 68 45 73 8 67 40 69 84 37 91 52 16 35 14 98 15 50 80 24 52 94 13 18 61 81 50 55 
95 13 48 98 29 76 23 1 95 23 59 61 1 29 29 70 74 86 99 90 84 42 70 86 91 78 3 26 83 8 39 88 18 93 58 97 2 1 87 90 49 84 61 61 66 8 4 75 23 91 4 76 32 82 69 1 46 26 96 3 
14 23 11 93 71 20 25 85 77 81 45 20 20 50 39 82 68 23 9 18 53 60 86 88 69 14 5 57 33 94 12 25 86 12 17 32 20 49 41 73 11 77 22 94 94 80 68 91 6 6 37 94 82 67 37 39 28 69 3 10 
55 9 47 82 8 30 79 55 72 90 15 57 97 46 41 3 98 24 16 52 47 22 58 41 51 39 12 63 27 62 70 69 81 18 52 26 4 30 77 45 54 0 38 28 24 38 8 67 5 91 60 61 18 31 15 77 66 40 92 21 
10 15 20 12 71 35 73 48 39 88 8 28 94 78 88 54 12 69 55 9 84 10 92 2 90 90 7 25 38 91 7 77 19 3 27 5 9 73 26 90 17 67 51 81 99 68 74 78 91 71 47 33 93 14 86 88 37 32 99 77 
90 57 90 9 22 3 10 81 48 74 52 90 21 77 89 23 52 96 20 28 86 15 73 51 93 59 92 35 25 38 71 97 94 71 51 9 35 38 21 33 19 64 95 30 15 38 82 63 33 42 85 73 28 33 53 20 12 40 35 31 
91 89 8 1 38 25 47 97 14 80 49 96 84 72 59 74 24 75 68 74 71 82 55 49 14 41 82 29 73 90 57 34 80 66 89 58 97 35 24 73 67 6 51 20 88 61 27 31 9 59 90 16 63 91 88 30 79 9 23 12 
92 61 73 31 41 86 61 23 5 63 32 1 81 46 92 20 84 56 77 44 79 2 36 68 93 88 29 40 52 19 49 80 24 95 25 71 22 48 4 52 51 26 34 43 5 34 53 92 3 30 31 36 27 15 4 80 12 88 25 84 
45 89 85 79 73 69 63 9 42 74 45 54 65 56 78 72 63 26 96 88 67 26 63 25 12 3 57 19 5 12 19 11 99 30 96 68 28 50 30 48 78 4 66 10 50 6 11 52 8 9 5 71 24 77 48 1 82 14 80 71 
50 51 99 24 42 15 16 85 60 99 93 87 9 75 77 71 27 90 82 38 4 75 93 65 28 62 16 0 3 66 25 61 15 35 21 73 80 50 14 26 31 15 43 76 94 31 83 75 47 48 37 47 75 90 65 31 9 0 65 3 
23 30 79 9 68 99 84 74 48 48 33 13 29 47 42 5 84 75 92 46 47 70 44 90 9 57 21 37 88 48 34 99 40 38 11 97 29 41 13 17 73 69 49 48 42 71 53 50 48 30 24 22 95 83 99 87 79 71 66 69 
20 40 14 19 83 27 77 65 17 37 2 42 32 62 85 62 24 32 44 5 1 87 86 54 53 24 67 41 32 1 86 27 17 53 11 41 95 94 33 88 40 98 31 11 42 85 28 43 24 59 6 51 81 34 93 5 88 45 42 87 
72 68 36 50 59 47 62 71 43 62 33 26 22 44 31 4 55 8 36 4 72 66 54 82 95 39 12 53 89 3 81 76 81 81 95 65 41 54 21 46 33 1 2 85 4 64 96 27 77 99 97 92 0 87 35 41 22 18 49 68 
92 43 76 70 82 79 85 71 70 58 95 29 46 45 51 53 49 36 71 32 79 85 86 2 18 17 64 34 95 10 97 94 64 77 92 40 24 87 34 71 54 22 87 81 41 33 7 37 13 6 75 76 25 14 57 68 25 81 0 47 
59 31 11 90 35 81 47 62 25 36 13 45 95 52 41 88 84 19 41 24 57 39 15 29 82 22 70 87 45 65 42 39 25 26 19 95 55 82 40 10 29 71 3 68 49 88 39 22 90 83 50 38 16 28 84 32 27 64 13 31 
18 5 51 73 27 54 38 35 65 16 5 14 3 15 15 30 70 42 67 18 76 76 65 73 78 32 89 20 29 12 85 81 82 80 43 47 23 37 86 71 4 52 55 90 11 33 97 56 90 80 39 4 51 54 56 6 34 59 86 77 
4 98 77 33 94 0 42 47 49 35 32 19 56 59 79 92 99 38 48 95 37 28 3 77 82 10 58 32 11 10 79 27 97 58 40 40 52 9 97 12 3 45 8 28 20 62 97 34 58 43 50 29 5 62 29 85 0 45 59 80 
16 34 36 59 13 97 87 17 69 98 57 82 65 70 53 7 97 35 62 31 50 42 59 33 91 30 66 10 92 7 35 19 7 69 54 48 34 93 2 26 9 93 73 58 89 14 79 9 93 60 31 51 51 63 74 98 49 10 99 91 
85 65 92 54 52 84 27 53 83 83 61 92 28 37 74 20 87 75 59 68 48 0 91 5 26 35 25 50 33 33 69 18 39 87 78 15 11 53 72 80 2 38 94 81 80 38 68 61 53 63 7 10 97 20 26 72 67 8 2 40 
55 88 86 88 50 23 81 76 48 51 1 55 85 30 56 75 53 39 13 31 30 74 39 41 51 62 16 22 36 42 79 56 32 25 75 14 15 69 90 42 3 47 26 74 25 7 37 90 11 67 23 47 21 45 27 58 44 54 26 38 
0 8 61 7 65 14 60 31 78 45 64 91 60 35 78 90 71 68 1 8 54 59 35 47 19 74 48 96 16 47 9 77 40 16 25 59 50 45 62 55 38 17 99 47 48 14 84 89 89 17 81 98 0 21 89 47 9 17 33 28 
60 43 86 21 90 94 19 7 89 37 8 61 53 31 43 21 54 52 49 19 15 16 11 58 56 34 81 86 73 73 29 24 11 27 53 52 64 56 96 79 10 20 60 30 28 3 2 44 8 25 22 82 50 66 5 2 63 63 86 9 
0 76 96 67 96 69 75 8 42 76 76 15 5 14 75 10 40 30 10 44 42 28 18 47 15 60 53 82 57 54 25 59 2 6 39 23 68 51 93 47 73 4 86 89 87 27 60 34 28 28 94 48 55 1 49 13 59 1 7 88 
38 11 54 62 37 49 93 47 53 53 49 77 35 6 72 90 62 62 99 50 18 72 52 64 72 8 36 81 19 67 34 54 62 16 92 2 69 74 98 27 8 43 24 69 16 86 97 98 61 25 84 16 5 74 81 77 40 86 49 59 
95 67 43 52 83 10 8 72 69 21 0 92 23 57 38 41 18 78 77 66 11 31 3 84 1 75 8 46 50 59 23 25 12 3 85 5 98 67 91 26 61 98 73 56 99 15 19 64 44 24 89 30 17 41 54 5 73 89 99 22 
65 72 31 20 9 61 78 90 42 8 2 63 68 27 2 21 91 3 34 2 20 46 7 97 19 97 18 1 65 9 30 86 76 96 65 6 65 87 40 74 90 84 85 51 14 22 91 18 50 30 16 5 44 6 78 47 57 33 69 96 
46 32 79 9 68 45 79 70 96 59 61 98 41 12 17 99 79 56 38 88 56 95 40 62 93 14 31 25 45 88 51 81 74 41 55 23 18 99 35 47 87 87 75 43 55 38 22 88 8 13 62 75 6 92 39 26 53 97 30 52 
76 95 61 51 17 33 1 65 38 1 0 56 93 34 98 13 29 28 44 13 45 94 11 58 20 31 39 26 45 12 52 21 85 76 82 44 92 77 1 56 48 93 76 76 85 69 13 22 92 80 44 5 14 91 19 88 36 58 6 89 
22 80 1 38 5 20 47 38 60 29 30 50 51 34 95 0 82 57 39 28 18 46 78 78 19 22 29 71 33 42 28 51 27 97 56 62 30 43 98 51 33 70 49 46 46 64 35 41 75 80 68 61 3 59 30 22 87 29 33 72 
68 58 55 17 89 66 91 9 36 0 83 81 67 7 89 84 67 12 93 57 30 45 54 21 26 56 48 32 51 69 23 2 96 17 48 76 49 1 79 94 47 67 44 12 95 40 86 12 10 76 55 37 30 8 64 67 8 60 38 0 
57 55 35 78 97 8 62 9 88 2 23 68 8 88 4 84 33 5 8 18 93 62 23 48 93 68 23 53 69 31 34 35 55 39 79 73 87 27 11 26 29 74 35 85 72 29 83 25 8 6 26 11 19 25 18 87 98 53 92 89 
58 23 35 84 18 83 74 58 37 28 39 56 81 22 99 90 29 50 67 60 78 81 93 98 75 39 93 3 56 0 88 16 60 86 5 16 45 88 90 22 16 84 8 88 17 75 34 27 13 26 64 54 45 49 84 56 84 66 32 12 
98 6 82 31 52 66 57 26 19 41 50 8 90 82 32 75 85 15 19 67 60 88 58 71 46 34 62 87 69 78 68 84 86 25 1 29 77 79 36 66 15 34 42 33 43 17 16 68 4 13 89 19 12 7 2 34 73 95 42 83 
44 0 53 67 18 66 23 26 85 35 58 56 89 51 84 68 86 88 41 0 36 66 52 46 30 28 2 24 88 27 13 0 16 42 49 16 9 49 32 55 81 55 68 79 11 81 3 76 23 29 13 61 32 40 10 31 78 26 70 8 
65 59 71 91 58 70 70 46 46 71 33 47 92 63 32 97 60 17 95 30 81 78 89 57 15 44 82 12 17 38 46 98 95 91 76 48 78 12 3 55 50 18 42 7 58 13 36 16 31 26 32 20 1 30 54 74 84 88 75 43 
45 43 72 65 18 67 18 65 72 27 81 82 45 49 19 59 52 98 13 33 7 85 40 48 99 91 28 50 49 51 95 36 64 25 51 12 62 88 48 68 12 80 37 18 86 6 31 29 30 76 16 91 86 86 16 86 65 24 52 89 
64 20 43 47 8 6 64 7 29 41 47 29 49 68 48 92 57 65 65 25 88 2 81 7 55 59 79 19 41 82 97 7 38 7 36 81 64 30 44 7 90 54 54 2 13 89 10 16 20 55 8 34 71 21 5 67 46 21 99 51 
7 22 41 69 66 23 65 50 25 56 51 30 49 53 74 12 97 2 77 5 47 69 37 53 42 44 85 94 29 87 3 88 86 44 65 58 29 77 98 32 92 37 7 16 30 92 8 39 75 62 84 5 52 35 65 95 95 39 68 91 
63 36 67 70 10 83 56 11 23 63 65 2 94 67 49 13 45 88 77 55 42 34 31 59 96 47 36 26 43 97 56 9 63 15 7 80 13 99 63 50 36 25 0 55 49 40 66 8 98 70 97 58 16 6 72 43 59 81 23 58 
92 31 99 87 66 6 59 78 78 59 45 58 74 19 79 22 76 81 44 25 78 26 52 65 40 32 78 94 34 2 92 89 30 96 92 37 58 8 71 93 50 49 68 33 10 73 16 74 85 24 97 48 28 69 82 63 40 14 60 67 
87 76 3 1 74 18 91 30 26 71 66 42 50 18 7 33 26 1 13 74 32 10 62 94 91 97 3 67 99 69 24 5 64 36 61 16 54 16 18 4 80 71 97 90 77 56 13 3 20 59 1 27 54 23 59 87 34 23 49 80 
76 79 54 72 26 8 59 35 32 39 91 30 88 12 23 16 33 94 31 14 49 37 10 75 36 85 92 8 26 70 65 53 83 90 65 23 79 76 86 36 17 53 93 93 33 73 3 2 26 4 1 6 40 73 85 0 87 63 18 4 
73 55 55 66 53 73 49 86 66 68 73 6 26 45 78 1 78 79 65 67 19 25 75 63 75 45 56 13 72 80 59 54 89 75 83 76 38 28 17 7 26 45 55 66 21 82 83 22 27 30 95 17 64 47 88 77 58 98 86 96 
66 92 20 73 16 61 65 97 76 62 2 32 67 29 98 12 9 17 72 28 97 52 20 44 98 14 98 13 28 70 21 94 40 11 5 4 32 68 11 2 71 62 66 39 23 24 96 78 33 52 84 92 18 21 25 42 43 17 37 55 
18 8 49 55 79 72 68 31 25 19 80 98 71 85 76 72 72 12 70 8 27 16 97 86 52 76 71 9 94 2 39 20 58 90 4 81 83 30 97 7 74 86 10 40 94 30 21 49 35 60 42 22 43 6 21 93 50 44 79 69 
31 11 2 35 4 76 93 71 54 76 96 74 53 10 55 10 31 94 86 22 29 36 0 58 41 34 60 35 27 98 77 73 82 45 50 10 17 6 58 28 3 37 70 28 70 37 88 60 30 43 25 64 0 64 86 9 6 56 23 79 
16 97 30 78 16 45 75 84 31 89 45 63 49 81 9 21 80 81 77 23 33 86 82 39 24 36 78 73 23 3 18 57 44 61 50 18 57 95 27 6 14 25 93 72 5 1 52 74 49 21 23 38 96 21 71 79 73 30 54 87 
81 35 0 82 96 53 95 52 29 19 56 38 54 48 26 20 24 93 16 78 32 87 26 23 17 8 44 3 18 10 39 3 89 40 73 73 1 36 53 83 5 96 41 51 55 7 48 10 59 99 68 41 86 48 89 13 26 48 66 30 
66 68 48 8 80 44 33 21 15 14 5 52 41 3 52 81 71 37 79 78 5 59 60 13 1 32 59 42 85 12 78 60 46 72 46 36 77 94 79 65 39 91 82 3 30 8 60 62 69 83 89 20 70 4 78 33 67 68 9 20 
38 52 1 4 52 86 10 9 25 81 35 73 91 55 17 92 59 6 14 83 50 9 80 93 35 60 42 76 32 86 62 9 79 82 27 61 87 90 92 76 63 50 74 90 62 60 12 98 85 37 98 94 72 56 72 44 21 44 76 6 
16 15 87 71 46 89 59 34 72 48 27 36 42 48 67 9 72 63 38 36 48 81 13 91 63 86 88 91 2 2 97 5 88 80 60 62 47 67 16 50 55 21 58 78 55 82 96 73 61 14 75 81 24 86 63 71 24 66 9 47 
MATRIZ RESULTANTE 
81 139 144 46 71 126 142 147 107 19 149 89 111 96 20 118 78 89 73 82 114 134 112 44 123 146 113 67 53 24 120 184 57 81 114 131 81 92 99 122 104 52 61 97 39 92 69 119 107 113 120 105 114 51 87 46 147 17 26 126 
141 85 105 94 157 90 109 135 97 147 68 85 47 175 173 98 125 135 192 50 98 135 36 89 165 27 85 149 72 62 82 66 2 146 138 49 190 103 159 21 85 61 118 107 143 94 139 141 69 88 141 149 129 18 97 120 142 156 100 60 
42 25 70 75 62 103 113 44 110 92 8 94 52 70 71 101 89 48 149 107 148 124 69 160 89 43 71 155 97 79 109 139 115 116 120 85 139 133 136 44 104 126 129 150 58 52 167 124 85 52 71 178 151 75 166 116 111 98 127 72 
88 111 120 146 135 15 91 75 65 135 127 60 51 131 116 75 35 120 130 114 169 76 83 8 111 138 106 80 12 93 123 193 111 20 184 110 174 70 99 115 80 104 59 48 153 158 115 140 122 76 52 116 135 140 121 50 65 144 144 101 
92 31 115 142 89 100 162 176 106 137 76 90 47 171 133 146 36 88 54 45 106 141 65 171 85 59 52 64 143 48 63 158 77 110 134 79 156 65 141 101 149 101 68 58 104 143 157 127 109 172 102 92 77 141 99 55 160 107 74 44 
127 58 50 73 180 159 150 102 113 55 142 66 71 136 142 35 129 111 184 43 87 107 109 125 110 89 147 160 185 71 38 106 152 51 58 109 101 138 83 191 101 49 96 71 67 66 153 125 94 99 127 154 182 96 161 114 176 116 135 60 
134 60 155 103 117 106 121 26 156 73 66 37 111 121 92 101 116 124 54 125 186 120 147 67 177 131 135 43 126 102 155 154 121 96 114 52 162 113 176 75 129 154 83 121 66 186 32 97 28 39 24 147 121 57 50 7 147 101 111 46 
51 55 181 51 102 107 39 70 125 66 69 159 40 152 40 37 87 84 150 134 131 37 155 86 143 160 83 33 89 32 41 126 119 103 103 179 137 108 131 129 151 95 69 63 124 94 168 99 88 166 146 81 70 132 135 186 158 77 71 92 
143 117 164 109 73 99 126 110 121 106 159 151 83 98 78 102 129 91 140 153 132 40 188 63 149 174 67 131 63 109 125 120 138 57 68 49 120 168 149 75 55 165 31 29 83 141 105 118 129 126 43 56 123 127 109 128 56 143 47 135 
14 42 93 119 45 29 130 59 163 30 42 142 109 138 62 43 105 104 56 130 125 146 98 113 96 90 159 42 27 83 163 122 73 125 106 135 19 144 94 138 158 135 171 142 66 44 61 104 51 116 140 99 92 137 57 81 110 88 54 89 
161 103 57 109 92 124 84 53 122 118 119 155 73 72 80 154 98 121 174 174 164 60 129 181 157 87 5 66 140 63 51 118 84 167 75 180 44 92 159 129 79 153 65 71 162 30 61 123 45 111 37 117 90 111 140 26 116 111 103 43 
28 86 29 144 157 104 52 181 87 101 143 103 111 97 55 135 121 81 40 34 85 98 164 185 132 36 19 91 58 101 84 53 166 61 64 114 90 93 99 162 22 164 90 181 149 120 127 96 13 61 61 132 91 162 113 80 76 85 5 73 
105 99 122 134 62 119 124 79 134 112 24 86 141 72 94 11 146 88 114 58 71 104 85 118 81 70 79 112 36 123 91 86 101 63 102 48 55 78 92 116 135 37 104 91 89 128 54 127 46 128 117 79 82 122 111 154 87 117 96 89 
26 75 38 46 96 38 104 144 131 167 14 45 168 146 174 54 110 90 87 90 111 54 102 60 174 180 105 43 91 146 33 174 38 49 53 18 72 89 80 165 33 147 127 173 188 92 81 123 184 153 117 110 101 73 105 92 41 87 187 91 
140 102 154 97 55 84 31 170 51 170 86 104 110 100 161 78 83 128 115 33 128 99 169 148 166 137 137 85 91 102 137 158 118 164 65 60 124 62 81 74 85 157 159 81 87 106 169 150 109 76 169 76 49 44 54 87 36 124 94 101 
141 158 81 53 79 68 71 148 41 110 68 96 97 108 130 77 74 138 101 102 129 134 125 80 83 71 97 66 92 91 89 98 161 127 89 151 110 128 76 158 157 20 52 55 165 72 124 79 68 156 141 86 102 142 175 95 134 45 106 41 
155 134 93 123 76 177 145 77 29 78 126 46 144 56 148 30 168 89 86 132 97 84 128 146 135 171 106 81 62 58 145 119 109 132 26 110 78 122 14 120 148 118 114 109 43 96 60 106 32 69 59 37 32 51 35 100 68 94 71 167 
127 107 135 161 161 130 67 14 84 99 91 60 74 151 168 164 139 88 144 94 136 83 145 60 17 54 66 29 27 87 54 48 181 68 143 87 43 144 121 123 172 8 101 33 121 80 80 70 70 43 61 149 110 98 54 79 108 71 128 95 
132 80 161 79 49 101 115 172 152 114 102 139 36 76 166 169 55 164 161 104 28 129 165 78 81 126 89 2 28 93 58 150 19 38 118 147 106 99 87 41 73 56 142 91 192 125 102 119 98 59 106 121 92 139 154 47 57 98 117 79 
82 64 137 14 146 109 89 172 107 112 98 44 71 112 136 55 101 110 107 131 60 115 75 135 101 147 115 59 90 132 116 152 110 64 95 181 39 109 38 100 147 95 95 106 131 119 81 72 141 70 36 49 101 99 159 88 152 79 94 89 
80 80 88 109 98 76 84 66 41 86 19 66 113 75 135 93 30 34 134 56 28 171 164 58 108 115 74 107 83 4 155 90 79 112 73 99 159 122 114 136 78 111 90 50 57 149 108 55 121 155 41 52 82 79 107 80 173 48 113 95 
108 140 88 61 119 108 80 169 139 120 122 93 95 115 47 35 59 81 128 62 168 70 140 119 193 84 92 118 176 101 101 84 118 166 112 102 108 137 117 82 101 38 100 139 95 152 134 67 106 159 170 156 91 185 56 126 42 60 73 71 
97 127 116 92 136 148 165 142 155 68 152 81 115 93 98 118 144 84 149 90 132 148 150 10 26 29 129 81 106 42 195 157 163 159 127 49 95 113 44 112 59 110 105 90 75 125 45 116 84 20 80 175 76 29 68 153 36 172 13 62 
100 63 77 159 59 177 58 119 97 112 95 49 134 78 136 139 84 39 88 33 133 44 20 83 122 87 166 154 62 156 129 92 103 84 85 145 132 168 110 21 52 155 102 126 98 121 82 101 154 131 59 68 21 48 141 122 40 67 43 115 
80 76 108 152 120 62 67 128 72 31 54 62 35 45 31 128 103 129 140 85 122 148 131 136 109 73 124 119 73 99 181 123 89 103 92 97 42 60 126 134 20 108 101 114 47 36 145 70 169 168 72 32 65 95 146 84 95 69 127 126 
53 108 79 87 161 14 75 103 94 89 38 113 74 137 122 128 183 80 76 166 80 75 34 105 86 74 72 113 26 101 170 81 127 75 137 45 130 78 104 50 34 119 69 57 39 152 148 75 152 135 101 113 7 152 83 111 32 75 119 154 
47 128 49 127 59 100 150 95 113 129 107 165 75 97 77 9 119 76 147 126 77 123 148 92 171 61 66 22 123 88 132 33 39 76 75 101 38 183 47 52 102 101 148 114 154 79 103 95 131 138 78 111 68 159 127 139 132 53 173 159 
125 71 108 128 89 150 63 140 161 151 118 125 91 91 154 49 146 160 138 149 112 52 118 10 52 75 112 129 86 73 128 72 47 132 129 22 37 120 74 90 100 53 121 121 159 52 69 117 113 111 38 88 115 83 47 72 147 18 63 81 
90 166 162 138 89 74 139 109 126 100 75 78 154 45 144 98 116 102 53 58 46 128 50 43 139 155 69 91 38 46 171 73 65 72 173 22 72 157 144 52 97 104 98 95 88 75 42 153 80 82 61 128 59 61 91 145 126 59 49 118 
3 53 98 105 89 40 101 92 159 121 121 94 120 133 164 163 102 118 85 35 120 133 49 138 84 167 83 114 25 130 55 114 120 62 66 135 129 116 99 148 119 98 185 112 115 109 141 180 113 22 148 127 83 65 103 75 88 33 94 93 
94 85 130 54 117 184 43 100 160 117 38 146 123 109 130 80 109 116 141 44 55 82 46 133 108 130 97 181 107 142 98 118 46 55 113 150 133 76 123 93 14 85 103 89 62 58 11 123 21 48 35 112 88 104 103 99 130 138 109 54 
66 140 98 139 152 162 145 60 119 102 123 45 44 44 166 86 115 116 98 141 100 42 35 136 75 83 144 109 68 103 57 123 19 95 52 25 149 55 179 145 133 63 112 127 130 71 124 120 91 120 161 99 118 52 49 61 81 18 52 130 
85 26 153 107 119 91 177 96 54 101 51 143 43 36 115 184 73 115 167 74 106 123 63 135 77 26 57 118 91 154 125 63 110 32 105 68 79 100 119 65 30 130 69 145 59 122 147 191 120 91 138 95 58 164 136 78 81 158 113 66 
160 165 135 69 87 39 75 99 134 67 50 142 63 87 62 109 51 138 138 148 23 107 22 87 74 132 61 65 133 62 63 77 54 6 126 74 194 103 92 30 105 152 94 100 122 82 41 105 127 92 171 111 104 139 114 24 88 144 146 119 
115 162 115 109 36 157 128 182 137 39 98 76 96 79 21 22 158 96 56 25 115 109 57 133 68 102 39 62 103 37 97 116 97 186 75 56 102 91 113 159 101 108 146 137 16 83 187 26 117 96 32 93 125 99 114 80 77 116 163 181 
82 50 168 11 97 136 115 73 119 135 87 156 59 44 80 160 94 139 96 153 114 180 127 79 129 87 38 38 70 178 65 120 104 78 67 104 29 117 94 60 167 149 93 108 127 121 28 107 57 94 125 111 39 118 132 117 79 110 58 144 
113 185 111 135 87 98 33 125 46 10 30 83 147 39 173 52 55 36 87 93 107 192 109 69 69 91 59 114 129 25 147 46 118 126 112 85 171 115 56 92 69 181 115 148 158 157 102 112 142 131 70 29 50 174 34 136 55 140 70 123 
113 138 88 92 98 90 97 115 121 111 61 119 69 43 152 23 100 89 122 75 62 46 143 115 109 81 30 95 65 47 109 145 89 105 122 140 56 104 158 124 50 95 63 87 129 104 61 108 137 118 151 103 102 63 83 84 102 121 70 99 
99 146 58 116 119 163 101 88 83 20 149 104 137 69 90 163 124 54 167 138 65 68 76 27 116 129 109 121 67 160 116 55 138 32 89 150 128 74 82 168 53 69 140 63 142 121 104 55 44 105 113 41 34 98 73 121 72 147 90 24 
142 147 78 146 194 14 67 54 180 71 27 137 92 168 103 124 94 45 28 53 150 88 78 120 156 70 92 141 101 72 107 50 122 131 94 82 159 114 22 53 34 168 88 164 76 97 89 89 99 71 65 42 33 116 100 138 146 66 125 179 
75 41 76 85 61 174 118 104 82 63 95 71 118 31 172 101 38 116 131 95 115 176 145 138 106 117 107 50 82 77 95 58 130 104 84 114 80 138 129 60 33 145 69 127 33 115 91 70 60 40 83 149 55 143 171 79 136 158 76 18 
147 45 166 117 147 76 73 99 21 68 54 105 176 156 106 121 115 96 38 165 131 121 75 137 124 46 110 129 73 99 69 137 91 76 7 121 139 148 72 117 49 34 119 54 106 28 79 121 59 58 94 61 31 106 2 107 90 163 109 163 
129 0 113 87 27 146 30 112 120 120 145 125 172 102 115 154 114 156 132 56 95 132 63 91 119 61 43 109 132 54 85 96 67 83 106 58 46 84 45 150 95 138 151 111 68 88 28 158 94 48 37 158 106 102 26 126 169 64 169 14 
147 148 91 178 104 142 142 130 100 109 89 49 104 137 95 168 157 25 127 38 135 131 92 133 50 72 130 55 92 113 47 185 154 158 118 121 87 38 70 124 68 117 74 38 70 110 93 80 114 85 91 94 12 62 110 159 88 180 154 139 
131 51 154 124 74 158 20 153 143 123 107 83 63 72 92 151 68 100 90 97 38 137 117 99 112 166 108 76 75 102 115 46 112 60 80 22 120 185 51 104 59 139 129 100 172 75 112 72 77 82 97 179 117 165 102 140 145 42 55 132 
102 68 91 48 81 30 140 104 31 134 144 108 114 121 49 101 122 129 65 37 113 33 86 16 65 59 81 107 69 169 139 81 92 79 91 113 89 113 141 96 189 120 75 75 60 173 20 64 20 78 17 122 95 37 73 147 93 94 151 74 
19 115 110 159 80 99 139 107 113 127 133 106 98 104 74 16 130 88 168 76 90 97 101 72 104 53 130 120 116 134 58 88 139 86 80 107 42 156 116 62 184 65 36 47 66 148 94 71 121 145 124 77 117 118 67 162 104 123 122 98 
161 71 138 145 52 115 102 99 83 109 106 12 107 108 63 23 109 137 90 113 129 124 129 156 150 121 49 76 125 143 100 71 65 64 47 102 14 165 107 60 47 75 72 58 144 92 72 57 127 145 154 108 78 15 103 52 67 101 34 146 
165 129 157 126 115 63 122 94 153 143 95 112 130 110 176 100 147 134 120 94 88 110 90 69 70 56 116 137 38 16 158 165 50 167 118 111 128 23 133 167 61 74 97 129 65 160 70 136 131 47 174 61 35 125 181 77 73 78 120 166 
157 116 6 52 114 95 162 48 45 170 75 128 108 26 18 119 72 11 94 76 119 102 85 134 179 114 60 158 105 155 83 7 66 43 138 26 147 42 34 67 142 125 181 129 174 115 14 16 50 150 83 103 61 67 84 167 73 81 132 145 
102 167 96 155 100 39 87 71 46 50 182 108 165 18 61 61 85 190 118 80 106 59 19 100 130 99 171 76 58 90 66 140 134 137 79 27 94 137 127 87 91 126 154 106 104 137 54 28 64 48 92 33 72 107 111 61 89 68 50 61 
77 132 83 75 134 95 103 117 108 80 124 27 38 114 175 50 129 135 150 164 89 117 96 126 116 128 57 16 155 138 62 87 178 161 89 170 93 81 30 98 70 97 138 77 100 180 116 111 51 79 157 75 97 92 121 83 73 173 151 112 
73 123 69 88 63 116 77 176 105 158 67 72 79 59 151 38 25 22 101 70 137 141 34 46 195 20 99 59 93 165 99 129 70 74 69 95 86 77 64 14 132 130 87 67 117 33 192 148 121 93 122 101 34 81 106 117 139 74 46 63 
30 87 115 93 161 79 131 95 63 72 82 112 95 152 136 165 118 44 144 27 28 97 144 133 126 81 156 35 136 48 61 46 122 174 32 131 166 127 178 23 75 170 55 87 150 124 106 99 66 151 81 115 68 58 61 107 97 76 91 105 
56 110 6 47 41 123 139 121 90 106 171 95 99 29 88 89 69 115 119 52 119 86 22 117 47 120 97 43 40 144 112 82 142 113 118 77 48 52 127 44 102 99 133 52 120 116 88 122 52 49 57 117 43 134 96 101 47 154 52 116 
61 165 86 136 77 66 116 145 58 90 115 161 101 153 33 33 105 100 87 82 126 107 142 110 38 64 147 124 50 57 50 82 142 99 123 54 92 99 67 92 17 67 185 170 74 76 75 133 145 108 74 129 177 106 146 158 110 34 72 141 
140 124 34 91 97 57 166 95 72 44 56 88 83 68 86 55 31 100 40 154 96 118 105 63 72 102 118 101 68 61 135 85 152 137 130 91 58 97 80 142 27 139 42 103 114 21 142 20 149 149 152 66 107 126 180 96 121 110 85 30 
87 105 114 86 87 52 81 106 86 83 10 131 124 3 111 114 141 38 98 175 64 81 150 93 76 111 117 126 85 57 167 153 47 121 123 39 81 141 116 125 71 188 132 36 49 23 120 130 75 117 105 91 137 70 127 102 85 92 10 43 
129 132 99 70 122 173 52 67 105 146 38 88 145 149 18 119 115 102 74 94 117 78 141 163 40 135 112 162 65 169 63 40 101 98 121 126 116 112 111 112 90 86 79 168 120 89 36 167 176 118 162 192 109 92 88 76 108 90 123 93 
54 81 167 84 71 98 156 69 104 91 123 80 42 128 86 63 155 87 49 123 132 159 72 159 100 178 178 113 85 93 167 68 157 101 138 131 55 163 28 61 134 57 153 142 67 114 148 113 145 20 148 157 98 86 103 159 94 111 43 143 
MATRIZ RESULTANTE DE FORMA PARALELA 
81 139 144 46 71 126 142 147 107 19 149 89 111 96 20 118 78 89 73 82 114 134 112 44 123 146 113 67 53 24 120 184 57 81 114 131 81 92 99 122 104 52 61 97 39 92 69 119 107 113 120 105 114 51 87 46 147 17 26 126 
141 85 105 94 157 90 109 135 97 147 68 85 47 175 173 98 125 135 192 50 98 135 36 89 165 27 85 149 72 62 82 66 2 146 138 49 190 103 159 21 85 61 118 107 143 94 139 141 69 88 141 149 129 18 97 120 142 156 100 60 
42 25 70 75 62 103 113 44 110 92 8 94 52 70 71 101 89 48 149 107 148 124 69 160 89 43 71 155 97 79 109 139 115 116 120 85 139 133 136 44 104 126 129 150 58 52 167 124 85 52 71 178 151 75 166 116 111 98 127 72 
88 111 120 146 135 15 91 75 65 135 127 60 51 131 116 75 35 120 130 114 169 76 83 8 111 138 106 80 12 93 123 193 111 20 184 110 174 70 99 115 80 104 59 48 153 158 115 140 122 76 52 116 135 140 121 50 65 144 144 101 
92 31 115 142 89 100 162 176 106 137 76 90 47 171 133 146 36 88 54 45 106 141 65 171 85 59 52 64 143 48 63 158 77 110 134 79 156 65 141 101 149 101 68 58 104 143 157 127 109 172 102 92 77 141 99 55 160 107 74 44 
127 58 50 73 180 159 150 102 113 55 142 66 71 136 142 35 129 111 184 43 87 107 109 125 110 89 147 160 185 71 38 106 152 51 58 109 101 138 83 191 101 49 96 71 67 66 153 125 94 99 127 154 182 96 161 114 176 116 135 60 
134 60 155 103 117 106 121 26 156 73 66 37 111 121 92 101 116 124 54 125 186 120 147 67 177 131 135 43 126 102 155 154 121 96 114 52 162 113 176 75 129 154 83 121 66 186 32 97 28 39 24 147 121 57 50 7 147 101 111 46 
51 55 181 51 102 107 39 70 125 66 69 159 40 152 40 37 87 84 150 134 131 37 155 86 143 160 83 33 89 32 41 126 119 103 103 179 137 108 131 129 151 95 69 63 124 94 168 99 88 166 146 81 70 132 135 186 158 77 71 92 
143 117 164 109 73 99 126 110 121 106 159 151 83 98 78 102 129 91 140 153 132 40 188 63 149 174 67 131 63 109 125 120 138 57 68 49 120 168 149 75 55 165 31 29 83 141 105 118 129 126 43 56 123 127 109 128 56 143 47 135 
14 42 93 119 45 29 130 59 163 30 42 142 109 138 62 43 105 104 56 130 125 146 98 113 96 90 159 42 27 83 163 122 73 125 106 135 19 144 94 138 158 135 171 142 66 44 61 104 51 116 140 99 92 137 57 81 110 88 54 89 
161 103 57 109 92 124 84 53 122 118 119 155 73 72 80 154 98 121 174 174 164 60 129 181 157 87 5 66 140 63 51 118 84 167 75 180 44 92 159 129 79 153 65 71 162 30 61 123 45 111 37 117 90 111 140 26 116 111 103 43 
28 86 29 144 157 104 52 181 87 101 143 103 111 97 55 135 121 81 40 34 85 98 164 185 132 36 19 91 58 101 84 53 166 61 64 114 90 93 99 162 22 164 90 181 149 120 127 96 13 61 61 132 91 162 113 80 76 85 5 73 
105 99 122 134 62 119 124 79 134 112 24 86 141 72 94 11 146 88 114 58 71 104 85 118 81 70 79 112 36 123 91 86 101 63 102 48 55 78 92 116 135 37 104 91 89 128 54 127 46 128 117 79 82 122 111 154 87 117 96 89 
26 75 38 46 96 38 104 144 131 167 14 45 168 146 174 54 110 90 87 90 111 54 102 60 174 180 105 43 91 146 33 174 38 49 53 18 72 89 80 165 33 147 127 173 188 92 81 123 184 153 117 110 101 73 105 92 41 87 187 91 
140 102 154 97 55 84 31 170 51 170 86 104 110 100 161 78 83 128 115 33 128 99 169 148 166 137 137 85 91 102 137 158 118 164 65 60 124 62 81 74 85 157 159 81 87 106 169 150 109 76 169 76 49 44 54 87 36 124 94 101 
141 158 81 53 79 68 71 148 41 110 68 96 97 108 130 77 74 138 101 102 129 134 125 80 83 71 97 66 92 91 89 98 161 127 89 151 110 128 76 158 157 20 52 55 165 72 124 79 68 156 141 86 102 142 175 95 134 45 106 41 
155 134 93 123 76 177 145 77 29 78 126 46 144 56 148 30 168 89 86 132 97 84 128 146 135 171 106 81 62 58 145 119 109 132 26 110 78 122 14 120 148 118 114 109 43 96 60 106 32 69 59 37 32 51 35 100 68 94 71 167 
127 107 135 161 161 130 67 14 84 99 91 60 74 151 168 164 139 88 144 94 136 83 145 60 17 54 66 29 27 87 54 48 181 68 143 87 43 144 121 123 172 8 101 33 121 80 80 70 70 43 61 149 110 98 54 79 108 71 128 95 
132 80 161 79 49 101 115 172 152 114 102 139 36 76 166 169 55 164 161 104 28 129 165 78 81 126 89 2 28 93 58 150 19 38 118 147 106 99 87 41 73 56 142 91 192 125 102 119 98 59 106 121 92 139 154 47 57 98 117 79 
82 64 137 14 146 109 89 172 107 112 98 44 71 112 136 55 101 110 107 131 60 115 75 135 101 147 115 59 90 132 116 152 110 64 95 181 39 109 38 100 147 95 95 106 131 119 81 72 141 70 36 49 101 99 159 88 152 79 94 89 
80 80 88 109 98 76 84 66 41 86 19 66 113 75 135 93 30 34 134 56 28 171 164 58 108 115 74 107 83 4 155 90 79 112 73 99 159 122 114 136 78 111 90 50 57 149 108 55 121 155 41 52 82 79 107 80 173 48 113 95 
108 140 88 61 119 108 80 169 139 120 122 93 95 115 47 35 59 81 128 62 168 70 140 119 193 84 92 118 176 101 101 84 118 166 112 102 108 137 117 82 101 38 100 139 95 152 134 67 106 159 170 156 91 185 56 126 42 60 73 71 
97 127 116 92 136 148 165 142 155 68 152 81 115 93 98 118 144 84 149 90 132 148 150 10 26 29 129 81 106 42 195 157 163 159 127 49 95 113 44 112 59 110 105 90 75 125 45 116 84 20 80 175 76 29 68 153 36 172 13 62 
100 63 77 159 59 177 58 119 97 112 95 49 134 78 136 139 84 39 88 33 133 44 20 83 122 87 166 154 62 156 129 92 103 84 85 145 132 168 110 21 52 155 102 126 98 121 82 101 154 131 59 68 21 48 141 122 40 67 43 115 
80 76 108 152 120 62 67 128 72 31 54 62 35 45 31 128 103 129 140 85 122 148 131 136 109 73 124 119 73 99 181 123 89 103 92 97 42 60 126 134 20 108 101 114 47 36 145 70 169 168 72 32 65 95 146 84 95 69 127 126 
53 108 79 87 161 14 75 103 94 89 38 113 74 137 122 128 183 80 76 166 80 75 34 105 86 74 72 113 26 101 170 81 127 75 137 45 130 78 104 50 34 119 69 57 39 152 148 75 152 135 101 113 7 152 83 111 32 75 119 154 
47 128 49 127 59 100 150 95 113 129 107 165 75 97 77 9 119 76 147 126 77 123 148 92 171 61 66 22 123 88 132 33 39 76 75 101 38 183 47 52 102 101 148 114 154 79 103 95 131 138 78 111 68 159 127 139 132 53 173 159 
125 71 108 128 89 150 63 140 161 151 118 125 91 91 154 49 146 160 138 149 112 52 118 10 52 75 112 129 86 73 128 72 47 132 129 22 37 120 74 90 100 53 121 121 159 52 69 117 113 111 38 88 115 83 47 72 147 18 63 81 
90 166 162 138 89 74 139 109 126 100 75 78 154 45 144 98 116 102 53 58 46 128 50 43 139 155 69 91 38 46 171 73 65 72 173 22 72 157 144 52 97 104 98 95 88 75 42 153 80 82 61 128 59 61 91 145 126 59 49 118 
3 53 98 105 89 40 101 92 159 121 121 94 120 133 164 163 102 118 85 35 120 133 49 138 84 167 83 114 25 130 55 114 120 62 66 135 129 116 99 148 119 98 185 112 115 109 141 180 113 22 148 127 83 65 103 75 88 33 94 93 
94 85 130 54 117 184 43 100 160 117 38 146 123 109 130 80 109 116 141 44 55 82 46 133 108 130 97 181 107 142 98 118 46 55 113 150 133 76 123 93 14 85 103 89 62 58 11 123 21 48 35 112 88 104 103 99 130 138 109 54 
66 140 98 139 152 162 145 60 119 102 123 45 44 44 166 86 115 116 98 141 100 42 35 136 75 83 144 109 68 103 57 123 19 95 52 25 149 55 179 145 133 63 112 127 130 71 124 120 91 120 161 99 118 52 49 61 81 18 52 130 
85 26 153 107 119 91 177 96 54 101 51 143 43 36 115 184 73 115 167 74 106 123 63 135 77 26 57 118 91 154 125 63 110 32 105 68 79 100 119 65 30 130 69 145 59 122 147 191 120 91 138 95 58 164 136 78 81 158 113 66 
160 165 135 69 87 39 75 99 134 67 50 142 63 87 62 109 51 138 138 148 23 107 22 87 74 132 61 65 133 62 63 77 54 6 126 74 194 103 92 30 105 152 94 100 122 82 41 105 127 92 171 111 104 139 114 24 88 144 146 119 
115 162 115 109 36 157 128 182 137 39 98 76 96 79 21 22 158 96 56 25 115 109 57 133 68 102 39 62 103 37 97 116 97 186 75 56 102 91 113 159 101 108 146 137 16 83 187 26 117 96 32 93 125 99 114 80 77 116 163 181 
82 50 168 11 97 136 115 73 119 135 87 156 59 44 80 160 94 139 96 153 114 180 127 79 129 87 38 38 70 178 65 120 104 78 67 104 29 117 94 60 167 149 93 108 127 121 28 107 57 94 125 111 39 118 132 117 79 110 58 144 
113 185 111 135 87 98 33 125 46 10 30 83 147 39 173 52 55 36 87 93 107 192 109 69 69 91 59 114 129 25 147 46 118 126 112 85 171 115 56 92 69 181 115 148 158 157 102 112 142 131 70 29 50 174 34 136 55 140 70 123 
113 138 88 92 98 90 97 115 121 111 61 119 69 43 152 23 100 89 122 75 62 46 143 115 109 81 30 95 65 47 109 145 89 105 122 140 56 104 158 124 50 95 63 87 129 104 61 108 137 118 151 103 102 63 83 84 102 121 70 99 
99 146 58 116 119 163 101 88 83 20 149 104 137 69 90 163 124 54 167 138 65 68 76 27 116 129 109 121 67 160 116 55 138 32 89 150 128 74 82 168 53 69 140 63 142 121 104 55 44 105 113 41 34 98 73 121 72 147 90 24 
142 147 78 146 194 14 67 54 180 71 27 137 92 168 103 124 94 45 28 53 150 88 78 120 156 70 92 141 101 72 107 50 122 131 94 82 159 114 22 53 34 168 88 164 76 97 89 89 99 71 65 42 33 116 100 138 146 66 125 179 
75 41 76 85 61 174 118 104 82 63 95 71 118 31 172 101 38 116 131 95 115 176 145 138 106 117 107 50 82 77 95 58 130 104 84 114 80 138 129 60 33 145 69 127 33 115 91 70 60 40 83 149 55 143 171 79 136 158 76 18 
147 45 166 117 147 76 73 99 21 68 54 105 176 156 106 121 115 96 38 165 131 121 75 137 124 46 110 129 73 99 69 137 91 76 7 121 139 148 72 117 49 34 119 54 106 28 79 121 59 58 94 61 31 106 2 107 90 163 109 163 
129 0 113 87 27 146 30 112 120 120 145 125 172 102 115 154 114 156 132 56 95 132 63 91 119 61 43 109 132 54 85 96 67 83 106 58 46 84 45 150 95 138 151 111 68 88 28 158 94 48 37 158 106 102 26 126 169 64 169 14 
147 148 91 178 104 142 142 130 100 109 89 49 104 137 95 168 157 25 127 38 135 131 92 133 50 72 130 55 92 113 47 185 154 158 118 121 87 38 70 124 68 117 74 38 70 110 93 80 114 85 91 94 12 62 110 159 88 180 154 139 
131 51 154 124 74 158 20 153 143 123 107 83 63 72 92 151 68 100 90 97 38 137 117 99 112 166 108 76 75 102 115 46 112 60 80 22 120 185 51 104 59 139 129 100 172 75 112 72 77 82 97 179 117 165 102 140 145 42 55 132 
102 68 91 48 81 30 140 104 31 134 144 108 114 121 49 101 122 129 65 37 113 33 86 16 65 59 81 107 69 169 139 81 92 79 91 113 89 113 141 96 189 120 75 75 60 173 20 64 20 78 17 122 95 37 73 147 93 94 151 74 
19 115 110 159 80 99 139 107 113 127 133 106 98 104 74 16 130 88 168 76 90 97 101 72 104 53 130 120 116 134 58 88 139 86 80 107 42 156 116 62 184 65 36 47 66 148 94 71 121 145 124 77 117 118 67 162 104 123 122 98 
161 71 138 145 52 115 102 99 83 109 106 12 107 108 63 23 109 137 90 113 129 124 129 156 150 121 49 76 125 143 100 71 65 64 47 102 14 165 107 60 47 75 72 58 144 92 72 57 127 145 154 108 78 15 103 52 67 101 34 146 
165 129 157 126 115 63 122 94 153 143 95 112 130 110 176 100 147 134 120 94 88 110 90 69 70 56 116 137 38 16 158 165 50 167 118 111 128 23 133 167 61 74 97 129 65 160 70 136 131 47 174 61 35 125 181 77 73 78 120 166 
157 116 6 52 114 95 162 48 45 170 75 128 108 26 18 119 72 11 94 76 119 102 85 134 179 114 60 158 105 155 83 7 66 43 138 26 147 42 34 67 142 125 181 129 174 115 14 16 50 150 83 103 61 67 84 167 73 81 132 145 
102 167 96 155 100 39 87 71 46 50 182 108 165 18 61 61 85 190 118 80 106 59 19 100 130 99 171 76 58 90 66 140 134 137 79 27 94 137 127 87 91 126 154 106 104 137 54 28 64 48 92 33 72 107 111 61 89 68 50 61 
77 132 83 75 134 95 103 117 108 80 124 27 38 114 175 50 129 135 150 164 89 117 96 126 116 128 57 16 155 138 62 87 178 161 89 170 93 81 30 98 70 97 138 77 100 180 116 111 51 79 157 75 97 92 121 83 73 173 151 112 
73 123 69 88 63 116 77 176 105 158 67 72 79 59 151 38 25 22 101 70 137 141 34 46 195 20 99 59 93 165 99 129 70 74 69 95 86 77 64 14 132 130 87 67 117 33 192 148 121 93 122 101 34 81 106 117 139 74 46 63 
30 87 115 93 161 79 131 95 63 72 82 112 95 152 136 165 118 44 144 27 28 97 144 133 126 81 156 35 136 48 61 46 122 174 32 131 166 127 178 23 75 170 55 87 150 124 106 99 66 151 81 115 68 58 61 107 97 76 91 105 
56 110 6 47 41 123 139 121 90 106 171 95 99 29 88 89 69 115 119 52 119 86 22 117 47 120 97 43 40 144 112 82 142 113 118 77 48 52 127 44 102 99 133 52 120 116 88 122 52 49 57 117 43 134 96 101 47 154 52 116 
61 165 86 136 77 66 116 145 58 90 115 161 101 153 33 33 105 100 87 82 126 107 142 110 38 64 147 124 50 57 50 82 142 99 123 54 92 99 67 92 17 67 185 170 74 76 75 133 145 108 74 129 177 106 146 158 110 34 72 141 
140 124 34 91 97 57 166 95 72 44 56 88 83 68 86 55 31 100 40 154 96 118 105 63 72 102 118 101 68 61 135 85 152 137 130 91 58 97 80 142 27 139 42 103 114 21 142 20 149 149 152 66 107 126 180 96 121 110 85 30 
87 105 114 86 87 52 81 106 86 83 10 131 124 3 111 114 141 38 98 175 64 81 150 93 76 111 117 126 85 57 167 153 47 121 123 39 81 141 116 125 71 188 132 36 49 23 120 130 75 117 105 91 137 70 127 102 85 92 10 43 
129 132 99 70 122 173 52 67 105 146 38 88 145 149 18 119 115 102 74 94 117 78 141 163 40 135 112 162 65 169 63 40 101 98 121 126 116 112 111 112 90 86 79 168 120 89 36 167 176 118 162 192 109 92 88 76 108 90 123 93 
54 81 167 84 71 98 156 69 104 91 123 80 42 128 86 63 155 87 49 123 132 159 72 159 100 178 178 113 85 93 167 68 157 101 138 131 55 163 28 61 134 57 153 142 67 114 148 113 145 20 148 157 98 86 103 159 94 111 43 143 
